1711	5
3005	1
3066	1
3174	1
3359	8
3387	3
3389	11
3390	3
3393	7
3395	5
3405	3
3504	3
3509	8
3596	9
3640	10
3684	8
3722	13
3730	13
3771	2
3775	5
3780	6
4111	102
4112	2
4121	256
4131	1
4214	31
4511	1
4722	29
4784	418
4814	208
4829	712
4899	64
4900	213
5045	2
5094	7
5192	6
5193	6
5211	94
5251	15
5261	3
5300	407
5310	138
5311	381
5411	654
5499	743
5533	1
5541	853
5621	13
5651	82
5655	17
5661	10
5712	4
5719	46
5732	3
5812	365
5813	74
5814	196
5815	39
5816	1
5912	468
5921	31
5932	5
5942	75
5970	42
5977	4
6300	29
7011	11
7210	5
7230	62
7276	1
7349	38
7393	8
7531	2
7538	274
7542	9
7549	1
7801	17
7802	10
7832	48
7922	41
7995	21
7996	8
8011	11
8021	10
8041	5
8043	16
8049	4
8099	7
8111	2
8931	2
9402	24
