0	25284.31
1	13612.23
100	15556.4
1002	8136.51
1006	15605.95
1008	11542.46
1009	6886.24
1016	1613.87
1018	32270.13
1019	19658.87
1020	28962.05
1022	24291.63
1024	16322.98
1026	13242.0
1027	21273.58
1028	38513.34
1029	12246.13
103	9525.69
1030	14987.74
1031	17016.75
1034	30897.98
1039	23089.92
104	16570.84
1041	16386.83
1046	18016.67
1048	16877.49
1052	39156.66
1053	31633.07
1054	10119.77
1058	25773.65
106	10411.64
1060	10598.48
1063	29488.81
1066	56355.11
1067	17057.73
1069	14117.05
107	9264.18
1070	14848.55
1072	20938.04
1073	20301.57
1074	8308.21
1075	21373.8
1076	15880.08
1077	23199.55
1078	30367.41
1079	35288.92
1080	14159.56
1081	40098.6
1082	14683.96
1083	43935.73
1084	23092.26
1086	17381.75
1087	9450.43
1088	12344.39
1091	17969.33
1094	10380.88
1095	10172.17
1096	33000.27
1097	12418.69
1098	57799.46
11	24301.09
110	14747.36
1100	37468.28
1102	45498.35
1103	22475.27
1104	27425.35
1105	31054.58
1106	11764.33
1107	15439.82
1114	11513.83
1115	29277.04
1116	40817.68
1117	41037.66
112	40957.66
1121	32303.48
1123	6392.59
1127	22297.51
1128	11437.39
1129	29665.1
113	18962.96
1130	30365.07
1133	13511.67
1135	24443.54
1137	15506.69
1138	11687.53
114	35964.44
1140	19964.3
1141	13098.01
1142	28132.3
1144	26469.52
1145	8834.19
1147	40058.96
1148	14342.42
115	31807.92
1150	28653.87
1151	2872.08
1153	3854.3
1155	26781.03
1156	43660.37
1163	14053.4
1164	38078.92
1166	19836.46
1168	57818.07
1169	49007.42
1170	14672.19
1171	22459.97
1173	16517.61
1176	29350.24
1177	13930.29
1179	15655.95
118	14612.82
1181	21888.18
1183	12798.79
1184	18541.05
1187	7884.2
1189	10979.31
119	14634.11
1190	30872.75
1192	8313.81
1193	19524.78
1194	17196.13
1195	24266.47
1196	17948.96
1198	22860.23
120	15752.87
1201	27493.48
1202	6155.26
1203	5473.07
1204	17121.55
1207	31007.77
1208	11337.52
1209	42772.48
121	21665.03
1210	13936.73
1211	12546.62
1213	9658.77
1214	19725.04
1217	24339.61
122	18248.7
1221	13966.03
1222	16975.41
1223	34192.57
1224	36835.5
1225	25132.66
1226	23136.46
1227	13507.27
1228	15073.58
1229	20758.51
123	13682.34
1234	9461.75
1236	11612.7
1237	23839.6
1238	46251.53
1239	13926.16
124	1046.65
1240	14819.3
1241	48179.49
1242	18819.81
1243	29553.53
1245	14343.37
1246	12525.22
1247	17598.5
1248	13062.05
125	8483.86
1250	13654.84
1251	12491.53
1253	47311.04
1254	8152.43
1256	28061.3
1257	8753.06
1258	16136.39
1259	36584.76
126	11114.36
1261	15956.03
1262	7956.22
1263	12550.59
1266	11503.51
1267	15128.76
1268	7001.82
1269	22851.79
127	33959.65
1274	39222.45
1276	21327.97
1279	26149.3
128	16026.26
1281	5484.34
1283	26232.5
1284	20486.87
1285	30460.54
1286	29295.56
1288	21368.43
1291	17992.18
1294	29061.11
1295	30086.3
1296	25569.27
1298	5251.51
1299	10595.16
13	10034.19
1300	12777.75
1302	21634.28
1303	11926.76
1305	13834.88
1307	37000.09
1313	22802.62
1314	26401.16
1315	9482.01
1317	8316.94
132	6523.51
1323	19610.06
1324	25758.02
1326	21509.7
133	16849.87
1330	32235.56
1331	1397.34
1332	11276.82
1334	11069.23
1340	90519.03
1341	20535.57
1344	16393.2
1345	21229.84
1348	3541.32
135	24782.67
1352	12115.32
1353	12591.31
1356	17636.8
1357	10094.61
1358	4441.01
1360	5230.95
1361	15080.99
1362	14522.93
1364	2125.75
1367	10236.74
1369	19955.98
137	41578.22
1370	24628.59
1371	16936.67
1376	21230.56
1378	21604.17
1379	25267.51
138	20781.27
1381	27359.9
1382	22818.68
1383	27870.92
1384	16089.75
1385	40727.15
1391	36553.0
1393	17668.61
1397	16066.88
1398	34999.68
14	8559.68
140	11651.36
1403	55729.22
1404	10544.74
1405	25198.87
1406	6231.45
1407	34704.98
141	16804.79
1411	26484.13
1412	28296.49
1413	13160.5
1416	23513.42
1417	20387.09
142	37501.87
1422	16305.9
1424	13397.75
1425	20012.92
1428	4518.63
1430	21553.52
1432	22131.75
1433	24167.87
1434	5810.44
1435	32751.41
1437	14483.66
1439	7613.04
1442	10506.09
1443	25361.64
1444	42866.48
1445	12932.04
1448	24173.75
1449	12473.22
145	4170.37
1451	45312.13
1452	42710.47
1453	23822.12
1455	9274.0
1456	29408.45
1458	11550.39
1459	16761.12
146	17473.56
1461	11219.59
1463	25700.97
1464	28536.53
1466	19325.35
147	5158.93
1470	9481.57
1473	7722.77
1475	21026.39
1477	12766.36
1478	12838.13
1479	10538.34
148	18367.32
1482	19221.26
1484	23899.55
1485	20076.19
1487	57725.84
1488	11998.03
1490	11507.03
1492	20587.77
1495	26296.79
1497	19185.9
1498	23526.04
150	32908.39
1500	20026.95
1503	7884.38
1504	10967.31
1507	7979.26
1508	6270.53
1509	9662.24
1510	10126.09
1511	20592.74
1512	16991.46
1513	31698.54
1514	11255.45
1515	19003.82
1516	20633.97
1517	21593.0
1518	13419.55
1519	15985.28
152	30691.33
1520	35982.04
1521	10374.73
1523	8311.38
1525	17843.68
1526	14148.2
1528	52530.36
1529	24140.63
153	11463.73
1530	2563.08
1531	8384.46
1533	22106.98
1534	43817.27
1535	15621.42
1538	20713.9
154	28069.51
1540	31415.46
1541	20298.13
1542	7833.23
1543	42029.14
1546	10426.6
1549	13394.2
155	7454.0
1551	37452.87
1552	19496.25
1556	2251.18
1557	10183.06
1558	29898.14
1559	36874.75
156	13689.43
1560	12334.33
1561	24289.77
1562	8102.31
1563	16413.37
1564	10924.28
1567	24790.44
1568	21268.5
1569	19568.3
157	19538.24
1571	16357.4
1575	60285.55
1576	21506.14
1577	7309.37
1579	13103.98
1581	13742.01
1583	4642.66
1586	26621.36
1587	10055.83
1591	25666.6
1594	9007.58
1595	52684.73
1596	30060.98
1598	8521.41
16	13108.22
1600	25674.76
1603	13337.21
1604	19148.53
1605	18857.7
1606	14708.79
1609	15420.16
161	15385.8
1610	11303.82
1613	22234.5
1615	15839.46
1616	30416.2
1617	14686.97
1618	17037.99
1619	8639.84
162	21287.84
1621	19463.51
1622	24876.21
1623	9447.7
1626	29391.17
1629	18019.42
1633	11214.99
1634	7667.9
1635	10836.33
1636	7240.77
1638	21388.79
1639	36885.06
164	10270.49
1640	10742.25
1642	13198.79
1644	20252.25
1645	16333.09
1646	7471.23
1648	52768.55
1649	3927.25
165	54086.07
1651	53391.38
1654	49790.62
1659	38972.63
1660	7424.06
1662	40262.06
1664	17556.96
1666	14017.19
1668	27553.1
1669	12508.94
1670	14342.82
1671	13496.98
1674	8252.07
1675	24302.68
1676	19474.14
1677	18941.69
1678	19012.38
1682	13015.1
1684	13089.71
1685	13538.38
1686	90683.88
1687	31152.55
169	3371.92
1692	52033.67
1693	18193.61
1694	26915.04
1695	16963.73
1696	59937.46
1697	11651.63
1699	31762.31
17	28997.44
170	14679.01
1700	9578.98
1702	6780.33
1703	27103.78
1709	11111.72
171	36430.07
1710	11307.54
1712	22520.58
1717	17204.58
1718	31002.23
1719	13760.73
172	9587.48
1720	27392.92
1723	9963.49
1725	20443.62
1727	29674.48
1728	13646.21
173	937.33
1731	12142.24
1733	18307.16
1735	11759.39
1736	23588.26
1737	12216.41
1740	18790.78
1741	23423.75
1742	16102.98
1744	7056.05
1746	21707.96
1749	6264.84
1750	29834.78
1752	15194.48
1753	714.97
1755	15688.93
1756	19449.93
1757	11038.2
1758	15420.12
1759	22753.83
176	25973.48
1763	11085.14
1764	11288.68
1765	20004.45
1766	6532.66
1769	16848.06
177	30162.4
1771	17863.45
1772	26994.04
1774	20372.75
1776	48103.38
1777	27964.85
1779	10041.54
178	16317.93
1781	7044.25
1782	13428.12
1783	12429.17
1785	9792.92
1786	14221.53
1787	32657.52
1788	16909.86
1789	19914.05
1791	10717.12
1797	52023.75
1799	28006.74
180	11206.62
1802	49437.62
1805	10422.46
1807	29879.73
1808	10156.84
1809	27898.08
1810	11236.27
1811	50126.37
1812	37637.14
1813	26860.66
1815	19980.68
1816	13150.01
1817	43529.91
1818	34748.81
1820	8197.97
1823	26066.75
1825	20226.38
1826	3099.67
1827	25551.15
1830	17686.75
1834	11728.86
1837	15926.09
184	10278.7
1840	13931.53
1842	26427.02
1843	32178.43
1844	16258.92
1846	7867.09
1849	15011.41
185	17034.77
1851	23682.52
1852	30638.54
1853	8695.53
1855	16609.69
1856	15058.72
1857	30138.08
1858	6439.84
1859	14369.66
1861	22187.93
1863	21582.81
1871	11433.41
1872	21915.84
1873	32399.35
1874	13246.56
1875	18941.73
1876	10081.91
1877	38273.05
1879	9642.12
1880	20958.91
1881	10279.95
1882	17680.81
1885	41364.25
1888	56731.78
1891	15794.76
1895	16597.63
1896	15635.72
1897	31583.45
1898	18902.0
1899	9306.8
19	2404.39
190	41746.75
1901	16717.23
1902	18834.58
1903	22387.66
1904	16713.4
1905	7593.25
1908	40962.62
1909	16305.53
1910	22472.12
1913	13414.8
1915	35813.18
1916	13198.48
1917	34336.77
1918	19080.4
1919	22780.03
1920	31311.43
1921	16031.44
1923	15794.0
1926	12359.61
1928	21585.17
1936	22913.94
1937	22648.74
194	15054.75
1940	8738.56
1941	19240.55
1942	2137.39
1944	15948.3
1945	6304.47
1946	12443.11
1955	19645.02
1956	8456.67
1957	41306.85
1958	11890.9
1959	17077.09
1962	24068.43
1963	54518.09
1964	19956.59
1966	19345.17
1967	22463.96
1969	33799.72
1971	14216.13
1972	6331.9
1973	13964.87
1975	10761.95
1976	24855.47
1977	11988.3
1979	14621.24
198	15150.78
1980	9909.33
1981	10623.82
1983	25563.81
1985	9653.55
1986	15210.94
1987	13968.45
1988	46903.22
1989	45483.45
199	20396.72
1992	20122.56
1993	23253.89
1995	18272.76
1996	16680.28
1997	24937.93
1998	3029.77
2	13039.28
20	10087.13
200	16004.68
201	7978.56
203	11607.85
205	17063.81
206	3542.47
207	9034.35
208	47363.68
209	14194.15
21	10687.46
211	10004.14
212	8351.74
213	22984.41
216	10361.28
217	14071.67
218	12462.12
219	4775.63
220	8018.37
222	21852.65
225	12261.79
227	24790.33
229	17685.43
230	9342.3
231	16787.49
234	17886.34
235	19186.5
236	23904.77
24	13724.91
240	7284.67
241	16453.36
242	15089.67
244	9884.35
246	26237.21
247	48302.58
248	11450.92
249	12075.61
250	20713.99
252	22135.56
254	32931.05
256	16191.1
257	18285.91
260	1975.96
261	29165.04
264	15077.9
265	11082.08
27	16531.96
273	17132.15
274	20988.02
275	40819.05
277	11431.62
278	38954.41
28	20662.83
280	21235.79
282	5788.8
285	67235.57
286	916.19
287	9665.52
291	21648.74
293	13163.15
299	7404.45
3	7861.8
300	17941.44
301	15960.2
303	52563.16
311	9605.56
316	26969.86
317	11492.01
319	20794.22
32	14468.14
320	14038.28
321	12314.12
322	3834.76
323	14680.08
327	29945.85
328	15999.18
329	5230.68
33	20996.27
331	9719.89
332	13858.7
334	11223.48
335	23428.88
34	30741.02
343	9538.25
345	10752.38
346	23630.35
348	9524.79
349	8779.3
350	26899.06
351	10000.41
354	18736.79
356	30211.46
357	19099.88
359	15173.06
360	13596.8
361	11882.26
362	31696.64
363	36762.85
364	24359.47
366	16047.35
368	23960.64
369	43799.06
37	17373.56
370	9390.04
371	49750.04
373	18139.17
374	11571.73
375	10710.26
376	37394.62
377	29185.77
379	20959.8
38	22540.89
380	11773.82
383	9485.24
385	11334.79
386	27809.0
387	7669.82
39	37699.97
391	8992.21
393	8972.08
394	26590.01
395	16670.02
397	6156.32
398	13250.65
4	27579.93
40	7394.38
400	12667.41
401	17167.37
402	21888.54
403	10167.4
408	45751.44
410	7629.34
414	34843.38
415	12647.83
416	9009.32
419	18282.54
42	8917.03
421	23012.67
425	31955.7
428	25810.03
430	41096.5
432	20073.55
433	13949.14
434	886.66
437	22919.09
438	5803.1
44	14513.28
442	29618.35
447	10376.47
449	13838.21
45	3492.41
450	18602.07
451	11159.4
452	30906.63
456	22212.81
457	26312.14
458	13447.97
459	13222.99
46	17794.24
460	27898.6
461	34361.89
462	20842.97
464	76571.78
465	9309.0
467	18326.66
468	15500.41
469	19204.11
47	13469.05
470	18626.73
472	23929.87
473	5967.57
474	34822.43
476	24551.54
477	20674.04
478	16901.25
479	16545.27
48	9793.3
480	26533.43
483	10450.34
487	32910.98
488	67792.57
489	10808.79
490	72765.05
491	7417.03
494	16360.41
496	9841.22
497	19221.0
5	9532.64
50	9092.19
502	28077.33
503	7783.14
506	28606.12
509	13948.08
511	43359.13
514	17500.46
515	9441.48
517	6453.13
519	8662.53
52	65940.35
520	16025.69
524	6006.66
526	23536.47
528	10273.94
53	27551.3
530	9198.53
538	14467.02
542	8569.02
543	11253.89
545	13943.9
546	17626.73
547	12071.4
549	18556.62
55	10508.04
550	26083.72
552	25412.99
554	28941.96
556	18200.86
557	24144.54
561	11325.92
563	43205.62
564	22735.2
565	24805.04
566	27043.21
570	14810.93
571	20490.01
573	12868.31
575	12732.16
576	16964.68
577	5350.1
580	26473.08
581	9864.2
583	7758.37
584	9848.47
585	18963.49
589	6214.5
59	15009.47
592	19919.56
595	11381.12
597	25710.31
598	47743.48
60	24449.91
601	9813.38
602	21835.75
604	25254.85
605	13360.65
609	10495.53
61	31451.63
613	15087.46
614	11398.19
615	28321.53
618	5967.97
619	16925.44
62	15893.42
621	9267.5
623	14325.32
628	7051.16
629	29923.97
63	14279.25
630	62382.47
631	10792.7
633	13788.89
634	17714.88
636	7242.99
637	29255.32
638	19388.09
639	18195.04
64	24225.4
641	28025.95
642	13152.94
644	5091.4
646	12312.37
648	4540.12
649	9442.65
65	11267.7
650	9711.81
652	18624.27
655	14070.63
657	12730.49
658	26981.59
659	17206.6
662	12063.08
663	26242.42
665	19767.59
667	21894.57
668	14587.68
669	11918.84
671	14422.57
672	14913.25
674	12703.76
676	23448.96
677	24909.94
678	1323.1
679	7674.47
68	27556.03
683	18882.46
688	3069.9
69	8265.04
692	12710.4
696	32249.14
697	3900.34
699	11524.94
702	30811.01
704	69331.73
705	39347.83
706	16412.53
708	44784.36
711	29963.58
712	11894.54
714	11852.12
716	21202.39
719	19605.09
720	5632.86
721	9805.11
723	8948.55
724	13015.79
726	8297.09
727	10252.45
728	10150.41
729	12523.88
73	20362.69
732	12471.34
733	42325.17
734	7418.92
737	26322.7
738	34185.11
742	7919.22
743	10010.82
744	13680.84
746	17457.96
747	9619.17
748	12194.76
75	14979.68
750	8648.05
751	19131.16
752	22369.54
754	27687.31
755	7100.0
757	24184.66
758	8742.95
759	13338.91
760	18561.27
762	14134.1
763	42014.46
764	19532.41
77	39673.28
771	13912.22
772	3495.29
773	14207.69
774	11109.29
776	43583.41
779	34584.75
78	11003.58
782	29423.41
783	8354.7
789	14213.06
79	14416.56
790	17745.38
791	7037.93
793	11964.0
794	7291.16
795	37937.3
797	13844.01
798	15351.32
80	9983.43
801	10065.36
802	21431.69
803	6519.46
804	17353.34
807	12357.11
81	21126.94
810	26150.97
811	28196.78
814	16839.73
816	11320.0
819	10359.69
820	27813.56
821	6315.1
822	9525.32
823	12691.77
825	35385.67
826	9262.06
827	10823.95
828	24397.12
831	15328.39
832	17480.07
837	10358.77
839	15034.42
84	19491.61
840	76609.49
843	12747.17
844	9243.51
845	20116.07
846	32406.27
847	33987.51
848	19619.61
849	6889.95
851	11359.12
852	24211.66
855	9340.66
858	21217.07
859	17236.56
860	36473.74
865	32459.95
866	22822.61
868	24247.3
869	4094.03
87	15010.63
870	19907.6
871	19330.47
872	23152.19
875	6142.79
876	16961.22
877	20856.47
879	12608.98
882	8291.42
884	21993.6
885	6049.23
888	11222.03
89	20419.06
890	17292.21
891	16151.09
895	15167.53
898	7243.07
90	27423.72
900	13044.2
901	9690.37
905	30424.58
906	14665.24
908	17891.74
909	36779.57
912	15236.56
913	5784.49
914	13439.45
917	11847.28
918	14676.97
92	15208.13
920	6887.62
921	39639.17
924	13353.55
928	6765.77
931	16787.3
932	28267.33
933	11016.62
938	21661.76
939	10882.04
94	17348.26
940	16547.59
942	29028.52
944	38393.0
946	13873.87
947	32838.93
948	10465.3
949	15544.25
951	11794.92
954	37433.13
957	19065.78
96	105006.87
961	24996.23
962	6647.45
964	13641.1
970	17680.71
972	22310.61
973	12010.65
976	34849.93
977	10112.19
979	13156.44
98	29009.61
980	8692.41
983	13708.43
984	31112.04
985	40105.73
986	11411.25
987	40161.27
988	67.53
989	57515.3
990	9080.75
992	23666.3
994	7418.52
996	27382.7
997	38923.87
